[0, 2, 15, 13, 5, 4, 9, 6, 17, 7, 3, 12, 10, 16, 14, 8, 1, 18, 11, 19] 41.74445763113566
[0, 1, 14, 16, 10, 12, 8, 18, 3, 7, 17, 6, 9, 4, 5, 13, 15, 2, 11, 19] 43.948391353795415
[0, 2, 15, 13, 4, 5, 9, 17, 6, 3, 7, 12, 16, 10, 14, 1, 8, 18, 11, 19] 42.056295519835786
[0, 11, 18, 1, 8, 14, 10, 16, 12, 7, 3, 6, 17, 9, 4, 5, 2, 13, 15, 19] 42.440059286887575
[0, 2, 13, 15, 5, 4, 9, 6, 17, 3, 7, 12, 16, 10, 14, 8, 1, 18, 11, 19] 41.9774270286412
[0, 11, 18, 1, 8, 14, 16, 10, 12, 7, 3, 17, 6, 9, 5, 4, 13, 2, 15, 19] 42.339099835268854
[0, 2, 13, 15, 4, 5, 9, 17, 6, 3, 7, 12, 10, 16, 14, 8, 1, 18, 11, 19] 41.7669101200254
[0, 2, 15, 13, 4, 5, 9, 6, 17, 3, 7, 12, 14, 16, 10, 8, 1, 18, 11, 19] 41.72218224908539
[0, 2, 13, 15, 4, 5, 9, 6, 17, 7, 3, 8, 14, 16, 10, 12, 1, 18, 11, 19] 42.755899638664864
[0, 2, 15, 13, 5, 4, 9, 17, 6, 7, 3, 12, 16, 10, 14, 8, 1, 18, 11, 19] 41.744452889899954
[0, 2, 15, 13, 4, 5, 9, 6, 17, 7, 3, 8, 12, 16, 10, 14, 1, 18, 11, 19] 41.95562858028309
[0, 11, 18, 1, 8, 14, 10, 16, 12, 3, 7, 17, 6, 9, 5, 4, 2, 15, 13, 19] 42.70731659964092
[0, 2, 15, 13, 4, 5, 9, 17, 6, 3, 7, 8, 12, 10, 16, 14, 1, 18, 11, 19] 41.95127322011069
[0, 11, 18, 1, 8, 14, 16, 10, 12, 3, 7, 6, 17, 9, 4, 5, 2, 15, 13, 19] 42.49975041928491
[0, 2, 15, 13, 4, 5, 9, 6, 17, 3, 7, 12, 16, 10, 14, 8, 1, 18, 11, 19] 41.5435034924033
[0, 2, 15, 13, 4, 5, 9, 6, 17, 3, 7, 12, 10, 16, 14, 1, 8, 18, 11, 19] 42.05630590557966
[0, 2, 15, 13, 5, 4, 9, 17, 6, 3, 7, 12, 10, 16, 14, 8, 1, 18, 11, 19] 41.70744663005377
[0, 11, 18, 1, 8, 10, 16, 14, 12, 7, 3, 17, 6, 9, 4, 5, 2, 15, 13, 19] 42.641423978925246
[0, 2, 13, 15, 5, 4, 9, 17, 6, 7, 3, 14, 16, 10, 12, 8, 1, 18, 11, 19] 42.70243991009407
[0, 2, 15, 13, 4, 5, 9, 17, 6, 7, 3, 18, 1, 14, 16, 10, 12, 8, 11, 19] 44.18202850161047
[0, 2, 15, 13, 5, 4, 9, 6, 17, 3, 7, 8, 14, 16, 10, 12, 1, 18, 11, 19] 42.69148404145952
[0, 2, 13, 15, 5, 4, 9, 6, 17, 7, 3, 1, 14, 10, 16, 12, 8, 18, 11, 19] 44.06634144407751
[0, 2, 15, 13, 4, 5, 9, 17, 6, 7, 3, 12, 10, 16, 14, 8, 1, 18, 11, 19] 41.580520064618625
[0, 2, 13, 15, 4, 5, 9, 6, 17, 7, 3, 12, 16, 10, 14, 1, 8, 18, 11, 19] 42.315480561474814
[0, 2, 15, 13, 5, 4, 9, 6, 17, 7, 3, 12, 16, 10, 14, 1, 8, 18, 11, 19] 42.25603803868901
[0, 2, 15, 13, 4, 5, 9, 17, 6, 7, 3, 8, 14, 10, 16, 12, 1, 18, 11, 19] 42.53248380142317
[0, 2, 13, 15, 5, 4, 9, 17, 6, 7, 3, 12, 10, 16, 14, 1, 8, 18, 11, 19] 42.52604416252186
[0, 2, 15, 13, 4, 5, 9, 6, 17, 7, 3, 12, 14, 10, 16, 8, 1, 18, 11, 19] 41.75210761383023
[0, 2, 13, 15, 4, 5, 9, 6, 17, 7, 3, 18, 8, 12, 10, 16, 14, 1, 11, 19] 43.51375031109103
[0, 2, 13, 15, 5, 4, 9, 6, 17, 3, 7, 12, 10, 16, 14, 8, 1, 18, 11, 19] 41.97745547729483
[0, 2, 13, 15, 5, 4, 9, 17, 6, 7, 3, 8, 12, 16, 10, 14, 1, 18, 11, 19] 42.38961019215243
[0, 1, 10, 16, 12, 14, 8, 18, 11, 6, 7, 3, 17, 9, 5, 4, 13, 15, 2, 19] 45.255693537182836
[0, 2, 13, 15, 4, 5, 9, 17, 6, 7, 3, 12, 16, 10, 14, 8, 1, 18, 11, 19] 41.803910865070925
[0, 2, 15, 13, 4, 5, 9, 6, 17, 7, 3, 14, 16, 10, 12, 8, 1, 18, 11, 19] 42.26848810329182
[0, 2, 13, 15, 4, 5, 9, 6, 17, 7, 3, 12, 10, 16, 14, 8, 1, 18, 11, 19] 41.80393327220995
[0, 11, 18, 1, 8, 14, 10, 16, 12, 7, 3, 17, 6, 9, 4, 5, 13, 2, 15, 19] 42.31399593581823
[0, 2, 15, 13, 4, 5, 9, 17, 6, 3, 7, 12, 14, 10, 16, 8, 1, 18, 11, 19] 41.72217369516122
[0, 2, 15, 13, 5, 4, 9, 17, 6, 3, 7, 12, 16, 10, 14, 8, 1, 18, 11, 19] 41.70744840824578
[0, 11, 18, 8, 1, 14, 16, 10, 12, 7, 3, 6, 17, 9, 4, 5, 13, 2, 15, 19] 42.82681907898491
[0, 2, 13, 15, 5, 4, 9, 6, 17, 7, 3, 12, 14, 16, 10, 8, 1, 18, 11, 19] 42.18608869461616
[0, 11, 18, 1, 14, 10, 16, 12, 8, 3, 7, 6, 17, 9, 5, 4, 13, 2, 15, 19] 42.751225316968444
[0, 2, 15, 13, 4, 5, 9, 6, 17, 7, 3, 12, 16, 10, 14, 8, 1, 18, 11, 19] 41.58047316421035
[0, 2, 13, 15, 4, 5, 9, 6, 17, 3, 7, 14, 16, 10, 12, 8, 1, 18, 11, 19] 42.46779553063388
[0, 2, 15, 13, 5, 4, 9, 6, 17, 3, 7, 12, 14, 10, 16, 8, 1, 18, 11, 19] 41.88613435891635
[0, 2, 13, 15, 5, 4, 9, 17, 6, 3, 7, 8, 14, 10, 16, 12, 1, 18, 11, 19] 42.961458147983876
[0, 2, 15, 13, 4, 5, 9, 17, 6, 3, 7, 14, 16, 10, 12, 8, 1, 18, 11, 19] 42.24437849782127
[0, 2, 15, 13, 5, 4, 9, 17, 6, 7, 3, 8, 12, 10, 16, 14, 1, 18, 11, 19] 42.11959053041929
[0, 2, 15, 13, 4, 5, 9, 6, 17, 7, 3, 8, 12, 10, 16, 14, 1, 18, 11, 19] 41.95563011667531
[0, 11, 18, 1, 8, 14, 16, 10, 12, 3, 7, 17, 6, 9, 4, 5, 13, 2, 15, 19] 42.35094949099723
[0, 2, 13, 15, 5, 4, 9, 17, 6, 3, 7, 12, 14, 16, 10, 8, 1, 18, 11, 19] 42.15614981581113
[0, 2, 13, 15, 4, 5, 9, 17, 6, 3, 7, 12, 16, 10, 14, 8, 1, 18, 11, 19] 41.76689753518393
[0, 2, 15, 13, 5, 4, 9, 17, 6, 7, 3, 14, 10, 16, 12, 8, 1, 18, 11, 19] 42.43247581015858
[0, 2, 15, 13, 4, 5, 9, 6, 17, 3, 7, 14, 10, 16, 12, 8, 1, 18, 11, 19] 42.2443803430355
[0, 2, 15, 13, 5, 4, 9, 6, 17, 7, 3, 8, 14, 10, 16, 12, 1, 18, 11, 19] 42.696416025340774
[0, 2, 15, 13, 4, 5, 9, 6, 17, 3, 7, 12, 10, 16, 14, 8, 1, 18, 11, 19] 41.54349722963573
[0, 11, 18, 1, 8, 16, 10, 14, 12, 7, 3, 6, 17, 9, 5, 4, 13, 2, 15, 19] 42.517752435005775
[0, 11, 18, 8, 1, 14, 10, 16, 12, 3, 7, 6, 17, 9, 4, 5, 13, 2, 15, 19] 42.86252088217729
[0, 11, 18, 1, 12, 10, 16, 14, 8, 3, 7, 17, 6, 9, 5, 4, 13, 2, 15, 19] 43.3280100814737
[0, 2, 13, 15, 4, 5, 9, 6, 17, 3, 7, 12, 14, 10, 16, 8, 1, 18, 11, 19] 41.94561367889047
[0, 2, 15, 13, 5, 4, 9, 6, 17, 3, 7, 8, 12, 16, 10, 14, 1, 18, 11, 19] 42.11522769116755
[0, 11, 18, 8, 1, 14, 16, 10, 12, 7, 3, 17, 6, 9, 4, 5, 2, 15, 13, 19] 42.9755544131155
[0, 2, 15, 13, 5, 4, 9, 6, 17, 7, 3, 12, 14, 16, 10, 8, 1, 18, 11, 19] 41.91609935757809
[0, 2, 15, 13, 4, 5, 9, 17, 6, 3, 7, 12, 16, 10, 14, 8, 1, 18, 11, 19] 41.54347489281729
[0, 2, 15, 13, 4, 5, 9, 17, 6, 3, 7, 12, 10, 16, 14, 1, 8, 18, 11, 19] 42.05631762729754
[0, 11, 18, 1, 14, 10, 16, 12, 8, 3, 7, 17, 6, 9, 4, 5, 2, 15, 13, 19] 42.874868475901934
[0, 2, 15, 13, 5, 4, 9, 17, 6, 7, 3, 12, 10, 16, 14, 8, 1, 18, 11, 19] 41.7444614663065
[0, 2, 13, 15, 4, 5, 9, 6, 17, 7, 3, 12, 16, 10, 14, 8, 1, 18, 11, 19] 41.80392451989778
[0, 1, 8, 14, 10, 16, 12, 18, 3, 7, 6, 17, 9, 5, 4, 13, 15, 2, 11, 19] 43.97667025734516
[0, 2, 15, 13, 4, 5, 9, 17, 6, 3, 7, 12, 10, 16, 14, 8, 1, 18, 11, 19] 41.54351535187588
[0, 2, 13, 15, 5, 4, 9, 6, 17, 7, 3, 8, 12, 16, 10, 14, 1, 18, 11, 19] 42.38961161897731
[0, 2, 15, 13, 5, 4, 9, 6, 17, 3, 7, 12, 16, 10, 14, 8, 1, 18, 11, 19] 41.70744341739703
[0, 2, 13, 15, 5, 4, 9, 17, 6, 7, 3, 12, 14, 10, 16, 8, 1, 18, 11, 19] 42.18606198399061
[0, 2, 15, 13, 5, 4, 9, 17, 6, 7, 3, 18, 8, 12, 16, 10, 14, 1, 11, 19] 43.45469214262474
[0, 2, 15, 13, 4, 5, 9, 6, 17, 7, 3, 18, 8, 14, 16, 10, 12, 1, 11, 19] 43.84935868794243
[0, 2, 13, 15, 4, 5, 9, 17, 6, 7, 3, 8, 12, 10, 16, 14, 1, 18, 11, 19] 42.179034721836985
[0, 2, 15, 13, 5, 4, 9, 6, 17, 3, 7, 8, 12, 10, 16, 14, 1, 18, 11, 19] 42.11520041873831
[0, 2, 15, 13, 5, 4, 9, 6, 17, 3, 7, 12, 10, 16, 14, 8, 1, 18, 11, 19] 41.70745359743752
[0, 2, 13, 15, 4, 5, 9, 6, 17, 3, 7, 8, 12, 10, 16, 14, 1, 18, 11, 19] 42.17469217844018
[0, 2, 13, 15, 4, 5, 9, 6, 17, 3, 7, 12, 16, 10, 14, 1, 8, 18, 11, 19] 42.27971317681708
[0, 1, 8, 12, 10, 16, 14, 18, 11, 3, 7, 17, 6, 9, 5, 4, 13, 15, 2, 19] 45.049604993556784
[0, 11, 18, 8, 1, 14, 10, 16, 12, 7, 3, 6, 17, 9, 5, 4, 13, 2, 15, 19] 42.85190768062788
[0, 2, 15, 13, 4, 5, 9, 17, 6, 7, 3, 12, 16, 10, 14, 8, 1, 18, 11, 19] 41.58047343349724
[0, 2, 15, 13, 4, 5, 9, 6, 17, 7, 3, 12, 10, 16, 14, 8, 1, 18, 11, 19] 41.58049186448437
[0, 2, 13, 15, 5, 4, 9, 17, 6, 3, 7, 12, 16, 10, 14, 1, 8, 18, 11, 19] 42.49026817033925
[0, 2, 15, 13, 5, 4, 9, 6, 17, 7, 3, 12, 16, 10, 14, 8, 1, 18, 11, 19] 41.74445828845725
[0, 2, 13, 15, 5, 4, 9, 6, 17, 7, 3, 12, 10, 16, 14, 1, 8, 18, 11, 19] 42.52601740894507
[0, 2, 15, 13, 4, 5, 9, 17, 6, 3, 7, 8, 14, 16, 10, 12, 1, 18, 11, 19] 42.52753887480026
[0, 2, 13, 15, 4, 5, 9, 17, 6, 3, 7, 12, 14, 10, 16, 8, 1, 18, 11, 19] 41.94557286305022
[0, 2, 15, 13, 4, 5, 9, 6, 17, 3, 7, 12, 16, 10, 14, 1, 8, 18, 11, 19] 42.05631858248015
[0, 11, 18, 1, 8, 16, 10, 14, 12, 3, 7, 17, 6, 9, 5, 4, 13, 2, 15, 19] 42.54769192468443
[0, 2, 15, 13, 4, 5, 9, 17, 6, 7, 3, 8, 12, 16, 10, 14, 1, 18, 11, 19] 41.955631753452835
[0, 2, 13, 15, 4, 5, 9, 6, 17, 7, 3, 12, 14, 10, 16, 8, 1, 18, 11, 19] 41.97555369262134
[0, 2, 15, 13, 5, 4, 9, 17, 6, 3, 7, 8, 12, 14, 10, 16, 1, 18, 11, 19] 42.271400720537144
[0, 2, 15, 13, 5, 4, 9, 17, 6, 3, 7, 8, 12, 16, 10, 14, 1, 18, 11, 19] 42.11522545666908
[0, 11, 18, 1, 8, 14, 10, 16, 12, 3, 7, 6, 17, 9, 5, 4, 13, 2, 15, 19] 42.37609396644968
[0, 11, 18, 1, 8, 14, 16, 10, 12, 7, 3, 6, 17, 9, 5, 4, 13, 2, 15, 19] 42.33909591544153
[0, 2, 15, 13, 5, 4, 9, 6, 17, 7, 3, 1, 14, 16, 10, 12, 8, 18, 11, 19] 43.79636265184832
[0, 2, 13, 15, 4, 5, 9, 17, 6, 7, 3, 12, 14, 16, 10, 8, 1, 18, 11, 19] 41.97554397694573
[0, 2, 15, 13, 4, 5, 9, 17, 6, 7, 3, 12, 14, 16, 10, 8, 1, 18, 11, 19] 41.75215465192551
[0, 2, 15, 13, 5, 4, 9, 17, 6, 3, 7, 12, 14, 16, 10, 8, 1, 18, 11, 19] 41.886118060844524
[0, 2, 15, 13, 5, 4, 9, 6, 17, 7, 3, 8, 12, 10, 16, 14, 1, 18, 11, 19] 42.11956138363321
[0, 2, 15, 13, 5, 4, 9, 17, 6, 7, 3, 8, 14, 16, 10, 12, 1, 18, 11, 19] 42.69642019252548
[0, 11, 18, 1, 14, 10, 16, 12, 8, 7, 3, 17, 6, 9, 5, 4, 13, 2, 15, 19] 42.7468018913766
[0, 2, 13, 15, 5, 4, 9, 6, 17, 3, 7, 12, 14, 16, 10, 8, 1, 18, 11, 19] 42.15614167549247
[0, 2, 15, 13, 4, 5, 9, 17, 6, 7, 3, 8, 12, 10, 16, 14, 1, 18, 11, 19] 41.95560459494973
[0, 2, 15, 13, 4, 5, 9, 6, 17, 7, 3, 12, 10, 16, 14, 1, 8, 18, 11, 19] 42.09208955920343
[0, 2, 15, 13, 5, 4, 9, 17, 6, 3, 7, 8, 12, 10, 16, 14, 1, 18, 11, 19] 42.1152214329052
[0, 2, 13, 15, 4, 5, 9, 17, 6, 3, 7, 14, 10, 16, 12, 8, 1, 18, 11, 19] 42.46775211000304
[0, 11, 18, 1, 8, 16, 10, 14, 12, 3, 7, 17, 6, 9, 4, 5, 2, 15, 13, 19] 42.6713383333437
[0, 2, 13, 15, 5, 4, 9, 17, 6, 7, 3, 12, 10, 16, 14, 8, 1, 18, 11, 19] 42.01445166181784
[0, 11, 18, 1, 8, 14, 10, 16, 12, 3, 7, 6, 17, 9, 4, 5, 2, 15, 13, 19] 42.49973821869756
[0, 2, 15, 13, 4, 5, 9, 6, 17, 3, 7, 8, 1, 14, 16, 10, 12, 18, 11, 19] 43.685193935411974
[0, 11, 18, 8, 1, 14, 16, 10, 12, 3, 7, 17, 6, 9, 5, 4, 13, 2, 15, 19] 42.88765392136622
[0, 2, 15, 13, 5, 4, 9, 6, 17, 3, 7, 14, 16, 10, 12, 8, 1, 18, 11, 19] 42.408328105018285
[0, 2, 15, 13, 4, 5, 9, 6, 17, 3, 7, 8, 12, 14, 10, 16, 1, 18, 11, 19] 42.10738072526871
[0, 2, 15, 13, 5, 4, 9, 6, 17, 7, 3, 14, 10, 16, 12, 8, 1, 18, 11, 19] 42.432470643958524
[0, 2, 15, 13, 5, 4, 9, 17, 6, 7, 3, 12, 10, 16, 14, 1, 8, 18, 11, 19] 42.25602838036018
[0, 2, 13, 15, 4, 5, 9, 6, 17, 3, 7, 12, 10, 16, 14, 8, 1, 18, 11, 19] 41.766916221656885
[0, 2, 13, 15, 4, 5, 9, 6, 17, 3, 7, 12, 16, 10, 14, 8, 1, 18, 11, 19] 41.76691529101558
[0, 2, 15, 13, 4, 5, 9, 17, 6, 3, 7, 12, 14, 16, 10, 8, 1, 18, 11, 19] 41.72219117080925
[0, 11, 18, 1, 8, 14, 16, 10, 12, 7, 3, 17, 6, 9, 4, 5, 2, 13, 15, 19] 42.44005292453021
[0, 2, 15, 13, 4, 5, 9, 6, 17, 3, 7, 8, 14, 10, 16, 12, 1, 18, 11, 19] 42.52753622577018
[0, 2, 13, 15, 5, 4, 9, 17, 6, 3, 7, 12, 16, 10, 14, 8, 1, 18, 11, 19] 41.97747361941829
[0, 2, 13, 15, 5, 4, 9, 17, 6, 3, 7, 12, 10, 16, 14, 8, 1, 18, 11, 19] 41.977467604888446
[0, 11, 18, 1, 8, 16, 10, 14, 12, 7, 3, 6, 17, 9, 4, 5, 2, 15, 13, 19] 42.64139528182565
[0, 2, 15, 13, 4, 5, 9, 6, 17, 7, 3, 12, 14, 16, 10, 8, 1, 18, 11, 19] 41.75214898154934
[0, 2, 15, 13, 5, 4, 9, 6, 17, 7, 3, 8, 12, 16, 10, 14, 1, 18, 11, 19] 42.119566565386634
[0, 2, 15, 13, 5, 4, 9, 17, 6, 7, 3, 12, 14, 10, 16, 8, 1, 18, 11, 19] 41.916098776824214
[0, 2, 13, 15, 4, 5, 9, 17, 6, 7, 3, 12, 10, 16, 14, 8, 1, 18, 11, 19] 41.80393534168708
[0, 2, 15, 13, 4, 5, 9, 6, 17, 3, 7, 12, 14, 10, 16, 8, 1, 18, 11, 19] 41.722194265236915
[0, 11, 18, 1, 8, 12, 16, 10, 14, 3, 7, 17, 6, 9, 4, 5, 13, 2, 15, 19] 43.0390197361976
[0, 11, 18, 1, 8, 14, 16, 10, 12, 7, 3, 6, 17, 9, 4, 5, 2, 13, 15, 19] 42.44004719952237
[0, 2, 13, 15, 5, 4, 9, 17, 6, 7, 3, 12, 16, 10, 14, 8, 1, 18, 11, 19] 42.01444532479232
[0, 2, 13, 15, 5, 4, 9, 6, 17, 7, 3, 12, 16, 10, 14, 8, 1, 18, 11, 19] 42.01443072782564
[0, 11, 18, 1, 8, 14, 10, 16, 12, 3, 7, 17, 6, 9, 4, 5, 2, 13, 15, 19] 42.47707131844046
[0, 2, 15, 13, 4, 5, 9, 17, 6, 7, 3, 12, 14, 10, 16, 8, 1, 18, 11, 19] 41.75214468642527
[0, 2, 15, 13, 5, 4, 9, 6, 17, 3, 7, 12, 16, 10, 14, 1, 8, 18, 11, 19] 42.22026456911041
[0, 2, 15, 13, 5, 4, 9, 17, 6, 7, 3, 12, 16, 10, 14, 1, 8, 18, 11, 19] 42.256027748059
[0, 1, 14, 10, 16, 12, 8, 18, 11, 6, 3, 7, 17, 9, 5, 4, 15, 13, 2, 19] 45.08508990281119
[0, 2, 15, 13, 5, 4, 9, 17, 6, 7, 3, 8, 12, 16, 10, 14, 1, 18, 11, 19] 42.11960451299304
[0, 2, 15, 13, 4, 5, 9, 6, 17, 3, 7, 8, 12, 16, 10, 14, 1, 18, 11, 19] 41.95128768089937
[0, 2, 13, 15, 4, 5, 9, 17, 6, 3, 7, 12, 10, 16, 14, 1, 8, 18, 11, 19] 42.27969637761294
[0, 2, 15, 13, 5, 4, 9, 17, 6, 3, 7, 12, 16, 10, 14, 1, 8, 18, 11, 19] 42.220260282975595
[0, 2, 15, 13, 5, 4, 9, 6, 17, 7, 3, 12, 10, 16, 14, 1, 8, 18, 11, 19] 42.255990872664164
[0, 2, 15, 13, 4, 5, 9, 17, 6, 7, 3, 12, 16, 10, 14, 1, 8, 18, 11, 19] 42.0920846320263
[0, 2, 15, 13, 5, 4, 9, 17, 6, 3, 7, 8, 14, 10, 16, 12, 1, 18, 11, 19] 42.69148884528392
[0, 2, 15, 13, 4, 5, 9, 17, 6, 3, 7, 8, 12, 16, 10, 14, 1, 18, 11, 19] 41.95126984659394
[0, 2, 15, 13, 5, 4, 9, 17, 6, 3, 7, 14, 10, 16, 12, 8, 1, 18, 11, 19] 42.40834923146396
[0, 2, 15, 13, 4, 5, 9, 6, 17, 7, 3, 8, 1, 14, 10, 16, 12, 18, 11, 19] 43.682233431260926
[0, 2, 15, 13, 4, 5, 9, 17, 6, 7, 3, 14, 16, 10, 12, 8, 1, 18, 11, 19] 42.26852330464183
[0, 11, 18, 1, 12, 10, 16, 14, 8, 7, 3, 17, 6, 9, 4, 5, 13, 2, 15, 19] 43.29800773730164
[0, 2, 15, 13, 4, 5, 9, 17, 6, 3, 7, 1, 14, 10, 16, 12, 8, 18, 11, 19] 43.63625874665716
[0, 2, 13, 15, 5, 4, 9, 6, 17, 7, 3, 12, 10, 16, 14, 8, 1, 18, 11, 19] 42.01440402674539
[0, 11, 18, 1, 14, 16, 10, 12, 8, 3, 7, 6, 17, 9, 4, 5, 13, 2, 15, 19] 42.72612688559904
[0, 2, 13, 15, 5, 4, 9, 6, 17, 7, 3, 14, 16, 10, 12, 8, 1, 18, 11, 19] 42.702443898674574
[0, 11, 18, 1, 8, 14, 10, 16, 12, 7, 3, 17, 6, 9, 5, 4, 13, 2, 15, 19] 42.33909686058893
[0, 11, 18, 1, 8, 14, 10, 16, 12, 7, 3, 6, 17, 9, 5, 4, 13, 2, 15, 19] 42.33905784634976
[0, 2, 15, 13, 5, 4, 9, 6, 17, 3, 7, 12, 14, 16, 10, 8, 1, 18, 11, 19] 41.88614212509336
[0, 11, 18, 8, 1, 14, 10, 16, 12, 7, 3, 6, 17, 9, 4, 5, 2, 15, 13, 19] 42.97556436451292
[0, 2, 15, 13, 4, 5, 9, 6, 17, 7, 3, 18, 8, 12, 16, 10, 14, 1, 11, 19] 43.29034235749705
[0, 2, 15, 13, 5, 4, 9, 17, 6, 7, 3, 12, 14, 16, 10, 8, 1, 18, 11, 19] 41.91610284699182
[0, 11, 18, 1, 8, 14, 10, 16, 12, 7, 3, 17, 6, 9, 4, 5, 2, 15, 13, 19] 42.46274611404855
[0, 2, 15, 13, 5, 4, 9, 17, 6, 3, 7, 12, 10, 16, 14, 1, 8, 18, 11, 19] 42.22027175745417
[0, 2, 15, 13, 5, 4, 9, 17, 6, 3, 7, 12, 14, 10, 16, 8, 1, 18, 11, 19] 41.886169741972296
[0, 2, 15, 13, 5, 4, 9, 6, 17, 3, 7, 12, 10, 16, 14, 1, 8, 18, 11, 19] 42.2202657082343
[0, 2, 15, 13, 4, 5, 9, 17, 6, 7, 3, 12, 10, 16, 14, 1, 8, 18, 11, 19] 42.09207431256588
[0, 2, 13, 15, 4, 5, 9, 17, 6, 7, 3, 12, 16, 10, 14, 1, 8, 18, 11, 19] 42.315493115446124
[0, 2, 13, 15, 5, 4, 9, 6, 17, 7, 3, 8, 12, 10, 16, 14, 1, 18, 11, 19] 42.38960602041589
[0, 11, 18, 1, 8, 12, 10, 16, 14, 7, 3, 17, 6, 9, 5, 4, 13, 2, 15, 19] 43.03997152764901
[0, 1, 8, 14, 10, 16, 12, 18, 11, 17, 7, 3, 6, 9, 4, 5, 13, 15, 2, 19] 45.57921693307829
[0, 2, 13, 15, 4, 5, 9, 6, 17, 3, 7, 12, 10, 16, 14, 1, 8, 18, 11, 19] 42.27972938147302
[0, 2, 13, 15, 4, 5, 9, 6, 17, 3, 7, 12, 14, 16, 10, 8, 1, 18, 11, 19] 41.945581314671195
[0, 2, 13, 15, 4, 5, 9, 17, 6, 3, 7, 12, 14, 16, 10, 8, 1, 18, 11, 19] 41.9455924053903
[0, 11, 18, 1, 12, 16, 10, 14, 8, 3, 7, 6, 17, 9, 4, 5, 2, 13, 15, 19] 43.429011789584756
[0, 2, 15, 13, 4, 5, 9, 6, 17, 3, 7, 8, 12, 10, 16, 14, 1, 18, 11, 19] 41.95127876069704
[0, 2, 15, 13, 5, 4, 9, 6, 17, 7, 3, 12, 14, 10, 16, 8, 1, 18, 11, 19] 41.916100976386986
[0, 11, 18, 1, 8, 14, 16, 10, 12, 3, 7, 17, 6, 9, 4, 5, 2, 15, 13, 19] 42.499730926171395
[0, 2, 13, 15, 4, 5, 9, 6, 17, 7, 3, 8, 12, 14, 10, 16, 1, 18, 11, 19] 42.33517418393459
[0, 2, 15, 13, 4, 5, 9, 6, 17, 3, 7, 12, 16, 10, 14, 8, 1, 18, 11, 19] 41.5435034924033